1,6.2226,1.6089,4,0,4
1,6.6307,1.6041,2,0,10
1,8.679,1.6041,4,0,2
1,4.653,1.9048,2,0,7
1,16.617,1.8046,3,0,8
1,2.0328,1.7043,2,2,2
1,1.248,2.4061,2,0,2
1,0.60248,2.406,2,2,9
1,5.7564,1.9048,4,0,11
1,5.9989,2.406,3,0,11
1,18.034,2.9071,4,2,10
1,2.652,1.5039,4,2,7
1,3.6918,1.9048,4,0,6
1,18.806,3.9097,2,2,6
1,0.99104,1.8046,1,0,3
1,13.991,1.6041,2,2,5
1,1.9841,1.6041,2,2,3
1,20.354,2.005,3,0,10
1,0.82951,2.6064,3,0,2
1,19.903,2.9073,3,0,12
1,10.981,2.6066,2,0,2
1,0.48085,2.5064,3,2,3
1,2.3114,3.3081,3,0,1
1,14.725,1.8046,2,0,11
1,7.3491,3.2078,1,0,3
1,4.197,1.8046,3,0,11
1,20.336,2.2055,3,0,9
1,2.6536,1.5038,2,2,3
1,5.241,1.6042,1,0,10
1,62.091,2.106,1,2,4
1,3.3854,1.9048,1,2,8
1,2.428,2.2055,4,2,2
1,9.0958,3.1078,3,2,9
1,44.521,3.2081,3,0,4
1,8.6416,2.2056,4,2,1
1,2.5651,3.0075,1,0,11
1,5.5695,2.1053,3,2,2
1,7.5646,1.8046,1,0,12
1,153.54,2.5063,2,0,11
1,26.958,2.5064,2,0,10
1,7.6385,2.3058,3,2,10
1,6.7841,2.7069,1,2,7
1,1.5387,1.9048,4,0,12
1,2.6191,1.3034,1,2,12
1,4.5529,1.8046,2,2,7
1,3.2825,2.0051,4,2,3
1,13.608,2.6065,2,2,1
1,5.4475,2.406,3,0,3
1,9.3686,1.8046,1,0,2
1,5.6592,1.9048,3,0,3
1,0.9595,2.2056,1,0,6
1,7.9149,1.8045,4,0,7
1,31.213,3.9097,4,2,6
1,2.2312,3.1077,4,2,11
1,133.8,1.6041,4,2,11
1,3.0161,2.2056,4,0,2
1,20.448,2.406,4,0,10
1,2.3643,1.8046,2,2,11
1,12.116,1.8048,1,2,1
1,4.0939,2.1053,3,2,11
1,1.6114,2.9072,4,2,3
1,0.58424,1.8046,4,0,3
1,1.4747,2.1053,4,2,12
1,42.403,2.0052,3,2,10
1,10.372,1.9048,3,0,6
1,17.122,3.6089,3,2,12
1,3.2342,1.6041,3,0,2
1,14.845,3.9098,3,2,8
1,3.2882,2.0051,2,0,3
1,3.0921,1.905,1,2,9
1,11.355,3.5088,2,2,12
1,0.39887,1.9048,2,0,3
1,6.0755,2.1053,1,2,6
1,31.021,3.0075,3,2,4
1,16.748,2.9072,1,0,1
1,8.9129,2.2055,4,0,11
1,11.483,2.807,2,0,12
1,34.785,2.1054,4,2,4
1,3.4285,2.2055,1,2,3
1,1.8573,1.4037,1,2,2
1,3.5098,2.2055,4,0,3
1,22.832,2.2055,2,2,10
1,3.0885,2.807,2,2,11
1,0.061826,2.2055,3,2,11
1,3.6211,2.2055,3,0,7
1,5.5813,2.005,3,2,7
1,11.249,1.2031,1,0,9
1,11.475,1.6041,4,2,9
1,14.61,3.2078,2,2,4
1,6.468,2.4061,4,0,9
1,6.7508,3.1076,2,2,8
1,17.839,2.9072,2,2,10
1,14.708,1.7043,2,0,4
1,46.401,2.2057,3,2,6
1,65.841,2.4059,4,2,5
1,12.607,1.9048,3,2,1
1,17.453,1.4036,1,2,5
1,6.2072,3.208,1,0,8
1,0.32854,3.0074,2,0,9
1,23.228,1.9048,3,0,5
1,12.82,2.2056,4,2,10
1,0.33765,2.1054,2,2,2
1,10.091,1.1029,1,0,5
1,5.8729,2.406,1,2,2
1,16.43,1.604,2,0,6
1,8.3455,2.5064,4,0,1
1,5.472,1.3034,1,0,7
1,10.293,1.7043,3,2,5
1,12.859,1.3034,4,0,10
1,5.7739,3.8095,1,0,10
1,12.943,1.9048,4,2,2
1,5.3898,1.7044,1,2,10
1,1.4185,2.1053,3,2,3
1,48.031,2.2056,3,0,10
1,2.678,3.0077,1,2,11
1,15.075,1.9048,2,0,1
1,5.5649,2.406,2,0,8
1,90.049,1.9048,4,0,8
1,120.9,2.7068,1,2,11
1,13.141,2.1053,1,2,10
1,1.3695,1.604,1,0,11
1,0.63643,2.406,1,2,3
1,7.4205,2.6065,2,0,5
1,0.33035,1.9047,3,2,2
2,12.635,1.91,4,0,4
2,27.006,2.306,2,0,10
2,4.3324,1.8048,4,0,2
2,1.4324,1.4037,2,0,7
2,1.095,2.2056,3,0,8
2,10.641,1.2032,2,2,2
2,59.123,1.4036,1,0,4
2,5.5313,1.805,2,0,2
2,125.5,1.1029,4,0,11
2,5.7865,3.2082,3,0,11
2,34.662,2.7068,4,2,10
2,34.687,3.3083,4,2,7
2,148.45,2.306,4,0,6
2,8.2825,1.8048,2,2,6
2,6.8049,1.504,1,0,3
2,1.8052,1.9051,4,0,5
2,87.262,2.5064,4,2,8
2,7.8533,1.7045,2,2,5
2,4.3911,2.1054,2,2,3
2,16.868,2.9074,3,0,10
2,1.3963,2.5063,3,0,2
2,30.682,1.6044,3,0,12
2,1.1515,1.4038,2,0,2
2,0.61037,2.1053,3,2,3
2,18.127,1.7045,3,0,1
2,4.1135,2.4062,2,0,11
2,0.51624,1.3034,1,0,3
2,79.343,2.3059,3,0,11
2,31.652,2.4062,3,0,9
2,0.8898,2.4061,2,2,3
2,24.303,1.2032,1,0,10
2,45.968,1.4037,1,2,4
2,4.875,1.4038,1,2,8
2,0.3632,2.2058,4,2,2
2,26.144,2.306,3,2,9
2,46.731,2.5063,3,0,4
2,13.708,1.6042,4,2,1
2,18.701,1.0027,1,0,11
2,6.6106,1.5039,3,2,2
2,59.348,1.5039,1,0,12
2,9.3711,1.9048,2,0,11
2,66.287,2.3063,2,0,10
2,33.647,2.1054,3,2,10
2,7.2109,1.4037,1,2,7
2,19.129,2.5065,4,0,12
2,19.026,1.7045,1,2,12
2,3.1771,1.7045,2,2,7
2,125.64,2.1054,4,2,3
2,3.4684,1.6042,2,2,1
2,41.006,1.7044,3,0,3
2,13.637,1.7044,1,0,2
2,0.0032793,3.4087,3,0,3
2,43.224,1.9049,1,0,6
2,2.9763,1.8046,4,0,7
2,8.9681,1.8047,4,2,6
2,128.93,2.707,4,2,11
2,91.552,2.6066,4,2,11
2,4.9518,2.2057,4,0,2
2,114.16,1.4036,4,0,10
2,1.0913,1.8048,2,2,11
2,0.38636,1.3035,1,2,1
2,3.4326,2.0052,3,2,11
2,4.8981,2.0051,4,2,3
2,1.6999,1.6041,4,0,3
2,20.517,2.5063,4,2,12
2,90.678,2.8071,3,2,10
2,16.13,1.6042,3,0,6
2,70.579,2.6066,3,2,12
2,4.6337,2.1054,3,0,2
2,14.359,1.9049,3,2,8
2,3.3941,2.1056,2,0,3
2,6.2088,1.5039,1,2,9
2,19.321,2.0051,2,2,12
2,0.96126,2.7069,2,0,3
2,20.522,2.3061,1,2,6
2,33.051,1.4037,3,2,4
2,29.457,1.7045,1,0,1
2,100.61,2.5064,4,0,11
2,12.668,2.5066,2,0,12
2,62.363,2.5066,4,2,4
2,1.5614,1.504,1,2,3
2,2.3945,1.4046,1,2,2
2,3.5837,2.1053,4,0,3
2,22.972,1.5039,2,2,10
2,2.4998,2.306,2,2,11
2,6.8599,3.0075,3,2,11
2,5.3906,1.8046,3,0,7
2,0.35863,1.5039,1,0,2
2,2.3332,1.8048,3,2,7
2,7.5276,1.3034,1,0,9
2,15.873,1.905,4,2,9
2,45.846,1.3034,2,2,4
2,18.289,1.8046,4,0,9
2,5.1359,2.2059,2,2,8
2,51.274,2.2057,2,2,10
2,33.534,1.3035,2,0,4
2,13.208,2.0051,3,2,6
2,134.12,2.7069,4,2,5
2,124.97,1.3034,3,2,1
2,5.6366,1.3034,1,2,5
2,13.997,2.4061,1,0,8
2,5.5212,1.2031,2,0,9
2,8.3712,1.8048,4,2,10
2,5.3021,1.7045,2,2,2
2,4.0199,0.80231,1,0,5
2,12.677,1.4038,1,2,2
2,5.1265,2.3058,2,0,6
2,117.55,1.6043,4,0,1
2,8.3545,1.4036,1,0,7
2,9.0859,1.905,3,2,5
2,15.952,2.2057,4,0,10
2,53.335,1.8047,1,0,10
2,13.16,2.4062,4,2,2
2,19.105,1.7046,1,2,10
2,2.6335,1.4036,3,2,3
2,26.825,1.5039,3,0,10
2,8.9345,1.4037,1,2,11
2,3.9556,2.0051,2,0,1
2,27.917,1.7044,2,0,8
2,20.26,2.3058,4,0,8
2,1.0003,2.3058,1,2,11
2,5.9242,2.0051,1,2,10
2,7.5901,1.2033,1,0,11
2,5.5832,1.5039,1,2,3
2,25.936,2.807,2,0,5
2,32.328,1.8047,3,2,2
3,62.031,2.7113,4,0,4
3,20.294,1.8047,2,0,10
3,81.85,1.8046,4,0,2
3,8.7325,2.4061,2,0,7
3,7.7776,2.5064,3,0,8
3,4.5709,1.8046,2,2,2
3,62.217,1.4037,1,0,4
3,3.1168,2.0051,2,0,2
3,13.37,1.8046,2,2,9
3,2.9492,3.1081,4,0,11
3,20.86,2.005,3,0,11
3,36.88,2.6065,4,2,10
3,1.8737,1.8047,4,2,7
3,29.317,2.4061,4,0,6
3,10.563,2.1052,2,2,6
3,0.32242,2.2056,1,0,3
3,92.221,3.4087,4,0,5
3,7.6371,2.7069,4,2,8
3,9.0286,2.9073,2,2,5
3,2.248,2.1053,2,2,3
3,64.568,2.8071,3,0,10
3,4.3826,2.1053,3,0,2
3,1.682,2.9078,3,0,12
3,5.0556,2.8071,2,0,2
3,0.3626,2.9073,3,2,3
3,16.973,2.0052,3,0,1
3,2.5541,2.5063,2,0,11
3,3.7829,1.7044,1,0,3
3,10.784,2.7067,3,0,11
3,22.321,3.0074,3,0,9
3,6.2174,2.4062,2,2,3
3,3.0609,1.9049,1,0,10
3,5.2628,3.6089,1,2,4
3,2.5085,1.7043,1,2,8
3,6.3854,3.3083,4,2,2
3,21.018,2.406,3,2,9
3,6.6457,2.5063,3,0,4
3,3.4964,2.0051,4,2,1
3,0.98537,2.4061,1,0,11
3,0.18903,1.7045,3,2,2
3,31.135,2.1054,1,0,12
3,12.814,2.2057,2,0,11
3,2.9552,2.2056,2,0,10
3,10.673,3.1079,3,2,10
3,23.437,2.3059,1,2,7
3,17.257,2.005,4,0,12
3,31.108,1.8047,1,2,12
3,0.92253,2.6065,2,2,7
3,0.36026,3.3083,4,2,3
3,5.6308,1.8046,2,2,1
3,6.1683,2.1053,3,0,3
3,4.5265,1.7044,1,0,2
3,1.1818,2.807,3,0,3
3,15.284,1.6041,1,0,6
3,40.277,2.406,4,0,7
3,6.0891,2.9072,4,2,6
3,4.4523,2.7069,4,2,11
3,27.458,3.609,4,2,11
3,1.4324,2.3057,4,0,2
3,5.5435,2.7068,4,0,10
3,4.981,2.2056,2,2,11
3,7.6088,2.2055,3,2,11
3,1.2866,2.1053,4,2,3
3,3.1668,2.2056,4,0,3
3,24.009,2.7068,4,2,12
3,52.775,3.1077,3,2,10
3,7.5925,2.9073,3,0,6
3,10.04,1.9052,3,2,12
3,13.625,2.2064,3,0,2
3,6.357,2.1055,3,2,8
3,1.3857,2.3059,2,0,3
3,15.452,2.5064,1,2,9
3,25.547,3.5088,2,2,12
3,7.3023,3.4089,2,0,3
3,11.295,2.406,1,2,6
3,16.152,2.5063,3,2,4
3,4.9017,2.406,1,0,1
3,3.2956,2.6066,4,0,11
3,3.5701,2.1053,2,0,12
3,24.107,2.9075,4,2,4
3,3.9757,1.4038,1,2,3
3,4.3126,2.2056,1,2,2
3,3.9002,2.005,4,0,3
3,5.1741,2.3058,2,2,10
3,2.0678,2.2055,2,2,11
3,4.4452,2.7067,3,2,11
3,3.1614,2.2056,3,0,7
3,1.8254,1.8045,3,2,7
3,12.647,2.1054,1,0,9
3,0.61322,2.3058,4,2,9
3,58.363,2.7068,2,2,4
3,5.4864,2.3062,4,0,9
3,4.4089,2.8072,2,2,8
3,82.073,3.3082,2,2,10
3,90.943,2.3058,2,0,4
3,2.4339,3.5088,3,2,6
3,2.1379,2.2055,4,2,5
3,5.8045,2.1053,3,2,1
3,0.087565,2.4061,1,2,5
3,3.861,1.5039,1,0,8
3,13.866,2.2055,2,0,9
3,81.488,2.4059,3,0,5
3,44.886,2.9073,4,2,10
3,2.7686,2.0051,2,2,2
3,13.92,1.7043,1,0,5
3,9.7404,1.5039,1,2,2
3,10.769,2.005,2,0,6
3,17.205,2.5063,4,0,1
3,6.2336,2.3058,1,0,7
3,12.435,2.0051,3,2,5
3,40.988,2.3059,4,0,10
3,6.1014,2.8071,1,0,10
3,11.296,2.6065,4,2,2
3,5.7496,2.1053,1,2,10
3,3.216,1.7043,3,2,3
3,2.7156,2.4061,3,0,10
3,1.4228,2.1058,1,2,11
3,76.878,1.9049,2,0,1
3,10.375,2.9073,2,0,8
3,41.98,2.7068,4,0,8
3,4.0721,2.5065,1,2,11
3,0.13209,1.7044,1,2,10
3,0.62826,1.7044,1,0,11
3,2.7672,1.4037,1,2,3
3,11.73,2.6065,2,0,5
3,4.2837,3.4085,3,2,2
8,21.974,2.3102,4,0,4
8,77.063,1.8046,2,0,10
8,7.1739,1.9049,4,0,2
8,25.734,2.3058,2,0,7
8,0.027048,2.5063,3,0,8
8,0.72537,1.7043,2,2,2
8,65.842,2.4063,1,0,4
8,5.1351,2.5063,2,0,2
8,26.463,3.208,2,2,9
8,123.8,3.5088,4,0,11
8,18.321,2.8072,3,0,11
8,109.44,2.7068,4,2,10
8,47.908,2.8072,4,2,7
8,170.25,2.4061,4,0,6
8,15.156,2.807,2,2,6
8,9.4989,2.2058,1,0,3
8,158.22,3.5087,4,0,5
8,11.097,2.5063,4,2,8
8,13.573,3.1078,2,2,5
8,0.78879,2.0056,2,2,3
8,16.465,2.9074,3,0,10
8,2.3617,2.5064,3,0,2
8,7.3266,2.5063,3,0,12
8,3.0714,2.3058,2,0,2
8,5.5913,2.4064,3,2,3
8,12.118,2.4061,3,0,1
8,5.432,2.5068,2,0,11
8,1.7588,2.0052,1,0,3
8,2.0094,2.6066,3,0,11
8,22.178,2.5064,3,0,9
8,3.3171,2.5063,2,2,3
8,3.6609,2.1054,1,0,10
8,60.829,1.9049,1,2,4
8,2.891,2.7068,1,2,8
8,5.3341,2.4061,4,2,2
8,9.4083,3.0075,3,2,9
8,69.922,2.5064,3,0,4
8,5.2287,2.2056,4,2,1
8,25.914,1.9049,1,0,11
8,1.3883,2.4062,3,2,2
8,19.917,2.5065,1,0,12
8,8.0312,2.4061,2,0,11
8,20.993,2.2056,2,0,10
8,44.512,2.4062,3,2,10
8,6.7242,2.2057,1,2,7
8,11.216,2.8072,4,0,12
8,19.203,1.9048,1,2,12
8,12.426,2.9074,2,2,7
8,1.334,2.6073,4,2,3
8,4.3954,2.1055,2,2,1
8,1.2428,2.0052,3,0,3
8,8.9083,2.0052,1,0,2
8,6.0728,2.8071,3,0,3
8,14.25,2.0062,1,0,6
8,29.597,2.7068,4,0,7
8,4.0422,3.0076,4,2,6
8,59.329,2.8074,4,2,11
8,12.654,3.008,4,2,11
8,0.80788,2.9077,4,0,2
8,107.24,2.8071,4,0,10
8,3.7158,2.4061,2,2,11
8,2.5618,2.1056,1,2,1
8,4.6294,2.3058,3,2,11
8,2.4939,2.4061,4,2,3
8,98.664,3.1078,4,0,3
8,3.0488,2.9074,4,2,12
8,14.551,2.3058,3,2,10
8,10.113,2.8074,3,0,6
8,14.648,2.6068,3,2,12
8,102.61,2.4061,3,0,2
8,13.894,2.4063,3,2,8
8,5.8409,2.2093,2,0,3
8,6.1514,2.0051,1,2,9
8,19.007,2.4061,2,2,12
8,91.466,2.7069,2,0,3
8,10.023,2.2057,1,2,6
8,44.169,2.7068,3,2,4
8,5.1358,2.306,1,0,1
8,15.889,2.9073,4,0,11
8,6.4566,2.0053,2,0,12
8,26.271,3.3083,4,2,4
8,1.1713,1.9049,1,2,3
8,9.6692,2.0052,1,2,2
8,5.4269,2.7069,4,0,3
8,2.8049,3.3083,2,2,10
8,10.67,2.2056,2,2,11
8,3.6696,2.8073,3,2,11
8,22.087,2.4061,3,0,7
8,5.3376,1.905,1,0,2
8,4.4049,1.8047,3,2,7
8,25.487,3.1078,1,0,9
8,46.49,2.6066,4,2,9
8,51.918,2.7073,2,2,4
8,50.656,2.9079,4,0,9
8,2.8278,3.1079,2,2,8
8,9.1564,2.6067,2,2,10
8,61.71,2.707,2,0,4
8,21.413,2.6067,3,2,6
8,178.95,2.807,4,2,5
8,8.0264,2.5064,3,2,1
8,30.084,2.3059,1,2,5
8,3.7748,2.2057,1,0,8
8,28.154,3.1081,2,0,9
8,16.234,3.1081,3,0,5
8,60.43,2.406,4,2,10
8,18.18,3.0078,2,2,2
8,2.1414,1.7044,1,0,5
8,13.695,2.6067,1,2,2
8,33.016,2.2061,2,0,6
8,0.79609,2.6066,4,0,1
8,7.7886,1.9049,1,0,7
8,8.4348,2.8071,3,2,5
8,59.555,3.3084,4,0,10
8,74.181,2.0051,1,0,10
8,10.813,2.3059,4,2,2
8,3.1538,2.4062,1,2,10
8,5.3675,2.5066,3,2,3
8,59.195,3.9098,3,0,10
8,8.1995,2.2056,1,2,11
8,14.224,2.8071,2,0,1
8,0.79716,3.2081,2,0,8
8,5.752,2.5065,4,0,8
8,3.0145,2.4061,1,2,11
8,0.32346,2.1055,1,2,10
8,4.0245,2.6066,1,0,11
8,1.1635,1.8049,1,2,3
8,0.29281,2.8071,2,0,5
8,3.5153,2.4061,3,2,2
9,16.285,1.2078,4,0,4
9,17.409,1.5039,2,0,10
9,6.7855,2.2056,4,0,2
9,19.084,1.6041,2,0,7
9,83.446,2.1053,3,0,8
9,7.7086,2.5064,2,2,2
9,38.517,1.4036,1,0,4
9,2.8332,1.8047,2,0,2
9,2.919,1.4037,2,2,9
9,9.3612,1.5039,4,0,11
9,1.9386,1.6041,3,0,11
9,0.4764,2.1054,4,2,10
9,2.9797,1.8046,4,2,7
9,10.84,1.504,4,0,6
9,46.007,2.0051,2,2,6
9,4.4342,1.103,1,0,3
9,3.2812,2.3059,4,0,5
9,54.498,3.9098,4,2,8
9,123.63,1.2032,2,2,5
9,1.9729,2.9076,2,2,3
9,29.777,1.6042,3,0,10
9,5.1911,2.0052,3,0,2
9,8.9035,1.8046,3,0,12
9,1.9836,1.6042,2,0,2
9,3.9046,1.7044,3,2,3
9,2.5419,2.2057,3,0,1
9,14.657,1.7043,2,0,11
9,1.9545,1.3034,1,0,3
9,9.7828,1.905,3,0,11
9,8.1464,1.9048,3,0,9
9,1.7679,1.6041,2,2,3
9,0.38875,2.0051,1,0,10
9,46.418,1.4036,1,2,4
9,10.723,1.4037,1,2,8
9,6.6617,1.9049,4,2,2
9,8.0339,2.1054,3,2,9
9,39.146,2.6066,3,0,4
9,5.0162,1.8047,4,2,1
9,5.5444,1.5039,1,0,11
9,9.036,1.7043,3,2,2
9,21.353,1.3034,1,0,12
9,14.197,2.4061,2,0,11
9,23.862,2.1054,2,0,10
9,23.225,1.6041,3,2,10
9,9.4806,1.3036,1,2,7
9,15.686,1.5039,4,0,12
9,21.755,1.8047,1,2,12
9,13.898,1.7044,2,2,7
9,0.43538,2.2055,4,2,3
9,10.824,1.4036,2,2,1
9,5.5933,1.6041,3,0,3
9,15.467,1.3035,1,0,2
9,2.19,1.8047,3,0,3
9,15.515,1.4036,1,0,6
9,18.99,2.3058,4,0,7
9,2.6904,1.6042,4,2,6
9,11.2,2.5064,4,2,11
9,9.9895,1.8047,4,2,11
9,2.1056,1.6042,4,0,2
9,28.332,2.1054,4,0,10
9,15.427,2.1054,2,2,11
9,16.843,1.8047,1,2,1
9,6.3048,1.8048,3,2,11
9,2.7346,2.5063,4,2,3
9,0.098336,1.5039,4,0,3
9,13.461,2.1053,4,2,12
9,71.568,1.103,3,2,10
9,21.976,2.8073,3,0,6
9,24.622,1.905,3,2,12
9,5.1121,1.8047,3,0,2
9,6.4791,1.8046,3,2,8
9,2.7701,1.6042,2,0,3
9,19.197,1.5039,1,2,9
9,10.959,1.905,2,2,12
9,0.24333,1.8046,2,0,3
9,35.943,1.7044,1,2,6
9,27.206,2.9073,3,2,4
9,4.4768,1.4037,1,0,1
9,4.9042,1.8047,4,0,11
9,18.164,2.1054,2,0,12
9,35.286,1.6041,4,2,4
9,1.228,1.4037,1,2,3
9,2.2665,1.3034,1,2,2
9,3.1967,1.9049,4,0,3
9,17.662,1.7044,2,2,10
9,1.4949,2.1053,2,2,11
9,5.8236,1.7044,3,2,11
9,4.6085,2.2058,3,0,7
9,4.264,1.3035,1,0,2
9,13.944,2.0052,3,2,7
9,6.7913,2.1055,1,0,9
9,12.399,2.9073,4,2,9
9,26.589,2.4062,2,2,4
9,12.29,1.2032,4,0,9
9,28.128,2.4062,2,2,8
9,45.546,1.6043,2,2,10
9,24.171,1.6042,2,0,4
9,16.999,1.7043,3,2,6
9,1.3335,2.2056,4,2,5
9,2.4261,2.0052,3,2,1
9,16.405,1.6042,1,2,5
9,8.1797,1.3034,1,0,8
9,18.532,1.6041,2,0,9
9,7.4192,2.4061,3,0,5
9,22.367,1.5039,4,2,10
9,4.7538,1.905,2,2,2
9,12.113,1.3034,1,0,5
9,14.714,1.7044,1,2,2
9,4.3067,2.2056,2,0,6
9,146.94,2.1055,4,0,1
9,9.5891,1.7044,1,0,7
9,14.31,1.7044,3,2,5
9,20.396,1.2032,4,0,10
9,20.569,1.4036,1,0,10
9,11.154,1.6042,4,2,2
9,7.3087,2.1054,1,2,10
9,5.307,1.4037,3,2,3
9,0.55385,2.5065,3,0,10
9,4.4198,1.7044,1,2,11
9,8.4891,2.4061,2,0,1
9,35.967,1.905,2,0,8
9,31.8,1.4037,4,0,8
9,4.0767,1.8047,1,2,11
9,5.9596,1.8047,1,2,10
9,8.4681,1.905,1,0,11
9,3.836,1.8047,1,2,3
9,30.784,2.6066,2,0,5
9,5.7848,2.5064,3,2,2
10,0.70197,3.8143,4,0,4
10,20.936,3.4085,2,0,10
10,3.7641,1.9048,4,0,2
10,8.6552,2.9074,2,0,7
10,0.84732,1.7044,2,2,2
10,24.899,1.5039,1,0,4
10,0.28987,1.905,2,0,2
10,8.8253,1.8045,2,2,9
10,92.936,3.1077,4,0,11
10,4.0666,2.3058,3,0,11
10,67.938,3.3084,4,2,10
10,17.305,2.1053,4,2,7
10,13.017,2.2056,4,0,6
10,58.6,2.5063,2,2,6
10,0.13279,2.6067,1,0,3
10,148.71,2.4059,4,0,5
10,74.293,2.5064,4,2,8
10,21.824,1.7044,2,2,5
10,0.30268,2.2055,2,2,3
10,46.763,2.6065,3,0,10
10,0.83615,2.0051,3,0,2
10,1.0464,3.2081,3,0,12
10,6.424,2.406,2,0,2
10,3.3525,2.406,3,2,3
10,5.0281,2.1052,3,0,1
10,8.8215,2.3059,2,0,11
10,89.115,2.9072,1,0,3
10,6.583,1.8046,3,0,11
10,19.797,2.3058,3,0,9
10,1.7274,2.1054,2,2,3
10,15.326,2.7067,1,0,10
10,49.367,1.8046,1,2,4
10,1.5875,2.4061,1,2,8
10,6.4209,2.2057,4,2,2
10,28.544,2.406,3,2,9
10,38.235,2.406,3,0,4
10,10.912,2.3061,4,2,1
10,8.1411,1.7043,1,0,11
10,2.2947,2.9073,3,2,2
10,12.417,1.7044,1,0,12
10,3.7998,2.6065,2,0,11
10,11.484,2.1053,2,0,10
10,2.8761,2.807,3,2,10
10,13.047,2.1053,1,2,7
10,54.323,2.1053,4,0,12
10,9.1415,2.1053,1,2,12
10,15.484,2.7067,2,2,7
10,1.1196,3.0075,4,2,3
10,6.3668,2.005,3,0,3
10,16.741,1.2032,1,0,2
10,4.7016,2.2055,3,0,3
10,60.989,1.9048,1,0,6
10,5.7056,1.8047,4,0,7
10,33.092,2.4078,4,2,6
10,38.2,3.4084,4,2,11
10,1.1142,2.9073,4,2,11
10,159.84,2.3058,4,0,2
10,74.056,2.0051,4,0,10
10,5.1727,2.6065,2,2,11
10,8.3119,2.0053,1,2,1
10,0.10094,2.406,3,2,11
10,12.191,2.5063,4,2,3
10,0.73789,2.6066,4,0,3
10,2.0198,2.1053,4,2,12
10,9.9546,3.0075,3,2,10
10,8.6792,2.2056,3,0,6
10,7.9153,2.4061,3,2,12
10,10.779,2.6066,3,0,2
10,57.973,3.4084,3,2,8
10,4.9284,2.005,2,0,3
10,11.679,2.406,1,2,9
10,7.8748,2.5062,2,2,12
10,0.47426,2.5062,2,0,3
10,30.255,2.2056,1,2,6
10,23.048,3.5087,3,2,4
10,0.70445,2.1055,1,0,1
10,6.2925,3.3082,4,0,11
10,11.986,2.7066,2,0,12
10,2.544,3.7096,4,2,4
10,0.64485,2.3058,1,2,3
10,0.15693,1.7045,1,2,2
10,4.222,2.8069,4,0,3
10,3.4271,3.3082,2,2,10
10,4.6421,2.5063,2,2,11
10,6.4479,2.1053,3,2,11
10,32.197,3.0075,3,0,7
10,3.5163,2.3058,1,0,2
10,9.3772,2.4062,3,2,7
10,14.386,2.3058,1,0,9
10,18.827,2.1053,4,2,9
10,33.108,2.0051,2,2,4
10,18.82,1.8046,4,0,9
10,13.012,3.4088,2,2,8
10,69.245,2.3058,2,2,10
10,46.88,2.3059,2,0,4
10,7.2527,2.5064,3,2,6
10,0.73294,2.4061,3,2,1
10,9.3997,1.9048,1,2,5
10,44.987,1.8046,1,0,8
10,21.961,1.8047,2,0,9
10,40.232,3.0074,3,0,5
10,2.4589,2.807,4,2,10
10,6.5273,1.8046,2,2,2
10,20.713,2.5063,1,0,5
10,14.708,2.3058,1,2,2
10,9.223,3.4085,2,0,6
10,4.8059,2.1054,4,0,1
10,4.761,2.7069,1,0,7
10,23.713,1.9049,3,2,5
10,48.816,2.6065,4,0,10
10,5.9921,2.0052,1,0,10
10,7.0667,2.7067,4,2,2
10,14.404,2.6065,1,2,10
10,2.7909,2.5063,3,2,3
10,9.4134,3.4084,3,0,10
10,10.795,1.9049,1,2,11
10,6.7225,1.8046,2,0,1
10,3.7056,2.0051,2,0,8
10,3.4948,2.3058,4,0,8
10,1.1,1.5039,1,2,11
10,6.1824,2.0051,1,2,10
10,0.92136,1.8046,1,0,11
10,0.25309,1.8046,1,2,3
10,21.04,1.9048,2,0,5
10,4.3296,2.0051,3,2,2
11,32.675,1.5089,4,0,4
11,39.282,1.8046,2,0,10
11,6.4421,2.1055,4,0,2
11,68.742,2.3059,2,0,7
11,4.8512,2.8072,3,0,8
11,1.7734,1.8046,2,2,2
11,60.958,2.3059,1,0,4
11,1.4478,2.1054,2,0,2
11,2.803,1.7044,2,2,9
11,20.137,3.5088,4,0,11
11,29.325,1.7045,3,0,11
11,46.567,3.0075,4,2,10
11,19.079,2.8071,4,2,7
11,16.041,2.4065,4,0,6
11,10.865,2.0051,2,2,6
11,3.2635,1.1029,1,0,3
11,16.276,2.3061,4,0,5
11,11.224,3.3082,4,2,8
11,16.676,1.905,2,2,5
11,3.9804,2.005,2,2,3
11,24.635,2.0051,3,0,10
11,2.9538,2.2056,3,0,2
11,12.342,1.7044,3,0,12
11,4.0567,2.807,2,0,2
11,3.5701,1.9049,3,2,3
11,9.3878,2.1054,3,0,1
11,18.469,1.8047,2,0,11
11,1.1772,1.5039,1,0,3
11,9.0113,2.7068,3,0,11
11,5.2045,1.4036,3,0,9
11,0.092315,2.1054,2,2,3
11,49.176,3.3084,1,0,10
11,0.219,3.2083,1,2,4
11,0.021904,2.6068,1,2,8
11,3.9773,2.8071,4,2,2
11,2.1696,2.3059,3,2,9
11,25.879,2.1055,3,0,4
11,13.082,2.7069,4,2,1
11,26.905,1.9048,1,0,11
11,2.0737,1.8047,3,2,2
11,20.81,1.4037,1,0,12
11,24.637,2.1054,2,0,11
11,111.99,2.2057,2,0,10
11,25.44,3.2081,3,2,10
11,1.4339,1.3035,1,2,7
11,6.458,2.3059,4,0,12
11,19.203,2.0051,1,2,12
11,0.55553,1.2031,2,2,7
11,0.25112,1.6042,4,2,3
11,16.468,1.6042,2,2,1
11,58.768,2.0052,3,0,3
11,15.988,1.5039,1,0,2
11,0.43742,1.9049,3,0,3
11,1.933,2.0051,1,0,6
11,6.0533,1.6041,4,0,7
11,18.095,1.8048,4,2,6
11,22.86,2.1055,4,2,11
11,5.8954,2.3058,4,2,11
11,136.64,2.5064,4,0,2
11,112.36,2.7069,4,0,10
11,13.426,1.8047,2,2,11
11,2.6898,1.8047,1,2,1
11,6.4454,2.7068,3,2,11
11,6.3662,2.5063,4,2,3
11,1.9223,2.2057,4,0,3
11,10.587,2.0051,4,2,12
11,52.221,3.0076,3,2,10
11,6.3302,2.0051,3,0,6
11,19.597,1.905,3,2,12
11,156.95,2.406,3,0,2
11,9.3935,3.3084,3,2,8
11,23.231,2.4061,2,0,3
11,9.8489,2.9072,1,2,9
11,9.2738,3.0076,2,2,12
11,1.2502,1.905,2,0,3
11,37.244,2.6067,1,2,6
11,46.008,2.8071,3,2,4
11,3.1729,1.7044,1,0,1
11,22.251,2.0053,4,0,11
11,4.9548,1.7044,2,0,12
11,3.0588,1.8048,4,2,4
11,1.032,1.9049,1,2,3
11,0.60731,1.4037,1,2,2
11,2.7127,2.0051,4,0,3
11,3.9025,3.3084,2,2,10
11,16.811,2.0051,2,2,11
11,27.168,3.0076,3,2,11
11,0.39085,2.5064,3,0,7
11,7.7137,2.4061,1,0,2
11,0.29716,1.6042,3,2,7
11,16.326,2.4062,1,0,9
11,160.15,2.5063,4,2,9
11,53.918,2.0051,2,2,4
11,18.537,2.306,4,0,9
11,18.638,3.5088,2,2,8
11,2.5797,3.6091,2,2,10
11,52.398,1.5039,2,0,4
11,5.9798,1.8046,3,2,6
11,11.445,2.5065,4,2,5
11,19.924,1.504,3,2,1
11,11.75,1.9049,1,2,5
11,108.35,2.4061,1,0,8
11,5.3492,2.1054,2,0,9
11,0.81981,1.504,3,0,5
11,12.313,1.6042,4,2,10
11,1.5148,1.8047,2,2,2
11,10.335,2.7068,1,0,5
11,8.0711,2.0051,1,2,2
11,25.052,2.6068,2,0,6
11,12.599,1.4036,4,0,1
11,5.9161,1.4037,1,0,7
11,9.9251,1.8047,3,2,5
11,45.011,2.4061,4,0,10
11,54.963,1.3034,1,0,10
11,6.0315,1.9048,4,2,2
11,14.819,1.4038,1,2,10
11,0.169,1.7044,3,2,3
11,10.834,1.6041,3,0,10
11,2.722,1.905,1,2,11
11,9.1917,1.4037,2,0,1
11,12.155,2.6067,2,0,8
11,87.101,1.5039,4,0,8
11,28.81,1.8048,1,2,11
11,12.281,2.3058,1,2,10
11,12.71,1.3034,1,0,11
11,5.1953,1.7044,1,2,3
11,17.415,2.3059,2,0,5
11,0.72253,2.6066,3,2,2
12,50.557,3.012,4,0,4
12,23.978,2.2057,2,0,10
12,32.264,1.4037,4,0,2
12,10.773,2.7067,2,0,7
12,7.6586,2.2055,3,0,8
12,2.7067,1.7045,2,2,2
12,4.0135,2.2056,1,0,4
12,0.9019,3.0074,2,0,2
12,16.482,2.5065,2,2,9
12,6.9115,2.6066,4,0,11
12,6.7613,2.7068,3,0,11
12,17.803,3.0078,4,2,10
12,0.49268,2.4062,4,2,7
12,20.191,3.5087,4,0,6
12,45.52,3.1079,2,2,6
12,7.0139,2.3058,1,0,3
12,157.17,2.6067,4,0,5
12,7.0863,3.3094,4,2,8
12,18.714,3.2082,2,2,5
12,0.79978,2.2056,2,2,3
12,118.88,2.9073,3,0,10
12,11.881,2.5063,3,0,2
12,27.527,2.9076,3,0,12
12,10.865,2.5063,2,0,2
12,3.9594,2.4062,3,2,3
12,18.925,2.807,3,0,1
12,13.994,3.3082,2,0,11
12,2.8762,1.9049,1,0,3
12,11.854,2.7068,3,0,11
12,171.16,2.005,3,0,9
12,0.20567,2.0051,2,2,3
12,23.208,2.4061,1,0,10
12,18.951,2.4062,1,2,4
12,59.729,3.5088,1,2,8
12,13.511,2.807,4,2,2
12,16.092,3.1079,3,2,9
12,2.4566,2.9074,3,0,4
12,146.47,3.0076,4,2,1
12,2.8748,3.1079,1,0,11
12,7.0624,1.7044,3,2,2
12,13.877,3.3083,1,0,12
12,24.856,2.707,2,0,11
12,48.139,2.0051,3,2,10
12,9.4388,2.3059,1,2,7
12,1.1064,2.7071,4,0,12
12,25.822,2.306,1,2,12
12,2.4383,2.3059,2,2,7
12,1.5473,2.7071,4,2,3
12,13.467,2.7069,2,2,1
12,4.5193,1.4037,3,0,3
12,14.747,3.7092,1,0,2
12,3.1197,1.4038,3,0,3
12,54.358,2.6066,1,0,6
12,5.0058,1.9048,4,0,7
12,47.495,2.1054,4,2,6
12,0.50425,2.9074,4,2,11
12,3.7057,3.6091,4,2,11
12,5.2088,2.8071,4,0,2
12,20.347,2.7068,4,0,10
12,4.4063,1.8046,2,2,11
12,10.756,2.7068,1,2,1
12,0.61034,2.6067,3,2,11
12,1.8485,2.2056,4,2,3
12,105.5,2.1053,4,0,3
12,13.372,1.7044,4,2,12
12,16.228,2.6065,3,2,10
12,106.05,3.0076,3,0,6
12,0.062497,2.8072,3,2,12
12,2.4097,3.1077,3,0,2
12,14.649,2.2056,3,2,8
12,165.61,2.9072,2,0,3
12,6.9066,2.4062,1,2,9
12,5.0038,3.0075,2,2,12
12,1.1318,1.8046,2,0,3
12,53.522,3.1081,1,2,6
12,19.825,2.4061,3,2,4
12,1.1278,3.1079,1,0,1
12,4.6437,2.1053,4,0,11
12,71.836,1.7044,2,0,12
12,28.133,2.1054,4,2,4
12,28.957,3.2081,1,2,3
12,10.811,1.9049,1,2,2
12,2.2447,3.0075,4,0,3
12,22.838,3.3083,2,2,10
12,4.449,3.3084,2,2,11
12,46.111,1.7044,3,2,11
12,29.757,2.7068,3,0,7
12,2.6633,1.3034,1,0,2
12,34.524,3.2081,3,2,7
12,18.422,2.3059,1,0,9
12,2.8638,2.9073,4,2,9
12,12.55,1.8047,2,2,4
12,4.6198,2.9073,4,0,9
12,8.6518,3.1078,2,2,8
12,15.407,2.2056,2,2,10
12,62.228,1.7043,2,0,4
12,10.962,2.306,3,2,6
12,5.836,3.8095,4,2,5
12,16.65,2.0051,3,2,1
12,23.987,2.2056,1,2,5
12,24.202,1.9049,2,0,9
12,21.943,2.6065,3,0,5
12,18.174,2.306,4,2,10
12,5.4121,2.0052,2,2,2
12,0.29142,1.3034,1,0,5
12,12.262,2.0051,1,2,2
12,37.686,1.8046,2,0,6
12,0.67359,2.9072,4,0,1
12,5.4257,1.5039,1,0,7
12,61.74,2.6066,4,0,10
12,56.218,2.7069,1,0,10
12,7.7656,1.8046,4,2,2
12,28.568,2.0052,1,2,10
12,5.7597,1.5039,3,2,3
12,12.88,2.8071,3,0,10
12,21.488,1.8046,1,2,11
12,15.31,2.3058,2,0,1
12,13.716,1.7043,2,0,8
12,152.17,1.3034,4,0,8
12,5.7395,1.2031,1,2,11
12,19.162,3.0076,1,2,10
12,9.8168,1.5039,1,0,11
12,0.84093,3.0078,1,2,3
12,13.433,2.3059,2,0,5
12,11.767,1.9049,3,2,2
13,55.483,2.411,4,0,4
13,3.9757,1.9049,2,0,10
13,85.266,3.3083,4,0,2
13,5.0186,2.807,2,0,7
13,9.0745,1.7044,3,0,8
13,4.4979,1.8047,2,2,2
13,9.1416,2.3059,1,0,4
13,3.0713,2.1054,2,0,2
13,7.9096,1.4038,2,2,9
13,20.176,2.4061,4,0,11
13,18.808,1.8047,3,0,11
13,16.237,2.2056,4,2,10
13,3.3022,2.2059,4,2,7
13,89.451,3.3086,4,0,6
13,14.635,2.4061,2,2,6
13,1.9739,1.7044,1,0,3
13,6.896,3.8096,4,0,5
13,9.785,2.4062,4,2,8
13,7.1037,2.3059,2,2,5
13,5.9129,2.3061,2,2,3
13,12.095,1.7044,3,0,10
13,5.5526,2.1054,3,0,2
13,6.7862,1.7044,3,0,12
13,6.7719,2.9074,2,0,2
13,2.5841,1.7044,3,2,3
13,0.071864,2.1053,3,0,1
13,14.769,3.2079,2,0,11
13,0.35771,1.7045,1,0,3
13,7.1319,2.1054,3,0,11
13,14.41,2.4062,3,0,9
13,2.2401,1.7044,2,2,3
13,3.4543,2.3059,1,0,10
13,3.2914,2.8071,1,2,4
13,6.5224,2.2056,1,2,8
13,2.9725,1.8046,4,2,2
13,8.4908,2.2056,3,2,9
13,62.524,2.5064,3,0,4
13,1.2327,2.4061,4,2,1
13,3.9599,1.9049,1,0,11
13,7.8432,1.9048,3,2,2
13,19.283,1.8047,1,0,12
13,6.3118,2.7069,2,0,11
13,16.081,1.9049,2,0,10
13,18.736,2.7069,3,2,10
13,5.5713,1.504,1,2,7
13,10.476,1.8047,4,0,12
13,12.468,1.6041,1,2,12
13,5.9698,2.4061,2,2,7
13,0.91409,1.6042,4,2,3
13,1.4467,2.1055,2,2,1
13,6.1915,1.7045,3,0,3
13,8.8443,2.6066,1,0,2
13,1.0229,1.7044,3,0,3
13,15.426,2.0051,1,0,6
13,0.11476,1.8046,4,0,7
13,1.5373,3.3083,4,2,6
13,6.3653,2.5064,4,2,11
13,0.81707,2.0051,4,2,11
13,0.72504,1.9048,4,0,2
13,21.553,2.1054,4,0,10
13,22.308,2.3059,2,2,11
13,5.3532,2.0052,1,2,1
13,9.6293,2.1054,3,2,11
13,1.6879,2.0051,4,2,3
13,1.216,1.6042,4,0,3
13,4.7539,2.6066,4,2,12
13,14.073,3.2082,3,2,10
13,41.785,3.2082,3,0,6
13,1.7172,2.0055,3,2,12
13,1.8418,1.8047,3,0,2
13,3.862,2.1054,3,2,8
13,3.2983,2.0051,2,0,3
13,0.29051,1.8046,1,2,9
13,12.658,2.0051,2,2,12
13,0.83565,2.9073,2,0,3
13,3.9254,3.1079,1,2,6
13,26.438,2.7069,3,2,4
13,2.3213,1.9048,1,0,1
13,116.23,2.7068,4,0,11
13,5.4245,1.8046,2,0,12
13,21.307,3.2082,4,2,4
13,2.4566,2.2057,1,2,3
13,6.5889,2.2056,1,2,2
13,3.6807,2.3059,4,0,3
13,9.9502,2.0053,2,2,10
13,31.867,3.1078,2,2,11
13,9.0311,2.1054,3,2,11
13,5.667,1.9049,3,0,7
13,5.8331,1.2034,1,0,2
13,3.7807,2.0051,3,2,7
13,24.507,2.5064,1,0,9
13,2.6101,2.9073,4,2,9
13,31.698,2.0051,2,2,4
13,3.8515,1.7044,4,0,9
13,0.75089,1.8046,2,2,8
13,6.4109,3.0075,2,2,10
13,59.212,1.8046,2,0,4
13,27.392,2.8071,3,2,6
13,21.066,3.3083,4,2,5
13,5.5752,1.905,3,2,1
13,6.3495,2.2057,1,2,5
13,3.032,1.6041,1,0,8
13,28.078,1.7045,2,0,9
13,30.101,2.306,3,0,5
13,20.301,1.8046,4,2,10
13,7.0679,3.7101,2,2,2
13,10.578,2.3058,1,0,5
13,18.272,1.7044,1,2,2
13,5.8195,3.4086,2,0,6
13,2.2959,1.6041,4,0,1
13,6.7601,1.504,1,0,7
13,15.216,1.905,3,2,5
13,4.585,2.0051,4,0,10
13,4.7644,2.0051,1,0,10
13,7.093,1.504,4,2,2
13,6.4711,2.5064,1,2,10
13,3.2618,1.8047,3,2,3
13,14.531,2.3058,3,0,10
13,12.382,1.8047,1,2,11
13,3.4505,1.5039,2,0,1
13,1.2461,2.1054,2,0,8
13,1.1412,2.2058,4,0,8
13,9.6901,2.5064,1,2,11
13,2.8485,2.0051,1,2,10
13,8.4495,2.2056,1,0,11
13,2.4146,1.7043,1,2,3
13,16.802,3.3083,2,0,5
13,4.812,1.7044,3,2,2
14,22.279,2.5111,4,0,4
14,16.787,2.1053,2,0,10
14,11.24,3.9097,4,0,2
14,5.7832,2.5063,2,0,7
14,82.981,1.8046,3,0,8
14,0.069158,2.4061,2,2,2
14,52.33,2.6066,1,0,4
14,1.2804,2.5062,2,0,2
14,1.4257,2.0051,2,2,9
14,2.0472,2.7068,4,0,11
14,10.288,3.0074,4,2,10
14,0.8446,1.8046,4,2,7
14,9.1779,2.9074,4,0,6
14,3.073,2.7068,2,2,6
14,1.1417,2.2055,1,0,3
14,53.836,1.604,4,0,5
14,12.499,2.5062,4,2,8
14,25.135,3.3082,2,2,5
14,2.9046,2.5063,2,2,3
14,73.75,1.9048,3,0,10
14,8.7363,2.0051,3,0,2
14,16.596,2.4061,3,0,12
14,9.6704,2.7101,2,0,2
14,2.9017,3.0075,3,2,3
14,1.0007,2.0051,3,0,1
14,12.809,3.5088,2,0,11
14,1.3162,1.5038,1,0,3
14,0.71778,3.6089,3,0,11
14,18.181,2.9072,3,0,9
14,1.1719,2.1053,2,2,3
14,5.5878,3.4086,1,0,10
14,18.244,3.0077,1,2,4
14,1.095,2.3059,1,2,8
14,10.674,3.1079,3,2,9
14,50.91,2.3058,3,0,4
14,7.4972,2.7069,4,2,1
14,3.7356,1.9049,1,0,11
14,1.838,2.4061,3,2,2
14,21.403,2.6064,1,0,12
14,14.594,3.6089,2,0,11
14,10.234,3.0074,2,0,10
14,13.109,3.7093,3,2,10
14,6.0515,2.1053,1,2,7
14,68.412,3.4086,4,0,12
14,13.601,2.0051,1,2,12
14,5.0753,2.5063,2,2,7
14,1.7068,3.0074,4,2,3
14,3.8543,2.3058,2,2,1
14,5.6165,2.6066,3,0,3
14,23.41,2.1054,1,0,2
14,2.7525,2.6066,3,0,3
14,18.463,3.0075,1,0,6
14,2.6116,1.8045,4,0,7
14,8.7697,2.6067,4,2,6
14,30.08,3.1077,4,2,11
14,5.378,2.7069,4,2,11
14,0.98362,2.5064,4,0,2
14,8.6663,2.5063,2,2,11
14,2.9284,1.9048,1,2,1
14,4.9622,2.1053,3,2,11
14,4.073,2.0051,4,2,3
14,59.91,1.8045,4,0,3
14,4.8491,2.9074,4,2,12
14,18.696,3.5097,3,2,10
14,50.216,2.8071,3,0,6
14,5.0065,3.6093,3,2,12
14,3.7001,3.0076,3,0,2
14,3.5676,3.0076,3,2,8
14,3.6119,1.9049,2,0,3
14,5.0348,1.4036,1,2,9
14,13.268,3.4086,2,2,12
14,0.78176,3.7092,2,0,3
14,7.4117,2.8071,1,2,6
14,9.464,3.4086,3,2,4
14,12.193,2.9073,1,0,1
14,13.026,1.9049,4,0,11
14,7.6896,2.7071,2,0,12
14,2.5313,3.5087,4,2,4
14,0.77092,2.5063,1,2,3
14,2.2452,3.0075,1,2,2
14,3.0065,3.0075,4,0,3
14,14.812,3.0076,2,2,10
14,13.851,2.406,2,2,11
14,3.1517,3.7092,3,2,11
14,3.2148,2.7068,3,0,7
14,3.6006,1.9048,1,0,2
14,4.1043,2.4061,3,2,7
14,8.2503,1.3034,1,0,9
14,13.861,1.9049,4,2,9
14,63.291,3.609,2,2,4
14,7.342,2.2056,4,0,9
14,5.3334,3.609,2,2,8
14,6.7659,3.4086,2,2,10
14,2.7306,3.509,2,0,4
14,53.047,3.3083,3,2,6
14,12.524,3.6092,4,2,5
14,9.5149,1.4036,3,2,1
14,17.106,2.8071,1,2,5
14,0.45902,2.9075,1,0,8
14,6.3521,1.7043,2,0,9
14,3.4992,2.9073,3,0,5
14,22.246,1.8045,4,2,10
14,2.5339,2.2055,2,2,2
14,23.523,3.3082,1,0,5
14,9.2083,2.5062,1,2,2
14,0.010192,2.005,4,0,1
14,6.5742,1.3035,1,0,7
14,8.674,2.2056,3,2,5
14,33.836,2.3058,4,0,10
14,0.0036253,1.9049,1,0,10
14,30.667,1.6041,4,2,2
14,4.5963,2.9075,1,2,10
14,5.7415,1.9049,3,2,3
14,177.77,2.5063,3,0,10
14,14.431,3.3083,1,2,11
14,9.6321,1.7043,2,0,1
14,7.7615,2.6066,2,0,8
14,14.912,1.7044,4,0,8
14,6.5456,3.1078,1,2,11
14,6.9472,2.0051,1,2,10
14,11.449,3.5089,1,0,11
14,2.1377,2.005,1,2,3
14,26.78,2.6065,2,0,5
14,9.0005,3.3085,3,2,2
15,30.191,1.6085,4,0,4
15,29.009,2.9076,2,0,10
15,6.5679,1.7044,4,0,2
15,4.4119,1.8046,2,0,7
15,4.2746,2.1054,3,0,8
15,4.4118,1.8046,2,2,2
15,34.848,1.4037,1,0,4
15,5.5313,1.9049,2,0,2
15,10.494,2.2057,2,2,9
15,22.117,2.7068,4,0,11
15,81.744,1.7044,3,0,11
15,6.8756,2.5064,4,2,10
15,16.651,1.8047,4,2,7
15,19.837,2.1056,4,0,6
15,0.236,2.9075,2,2,6
15,5.338,1.3035,1,0,3
15,4.3391,2.7069,4,0,5
15,12.072,2.5064,4,2,8
15,5.268,2.5063,2,2,5
15,3.7453,1.7044,2,2,3
15,19.505,2.1054,3,0,10
15,4.2782,1.6041,3,0,2
15,20.502,3.0074,3,0,12
15,6.0009,2.6066,2,0,2
15,4.6682,1.9048,3,2,3
15,2.8052,1.8046,3,0,1
15,60.51,2.4061,2,0,11
15,0.055591,1.5039,1,0,3
15,18.525,2.9073,3,0,11
15,27.802,2.4061,3,0,9
15,0.11352,2.9074,2,2,3
15,6.8062,1.4037,1,0,10
15,7.8135,2.6066,1,2,4
15,8.5736,1.7044,1,2,8
15,9.746,2.3058,4,2,2
15,32.604,2.5064,3,2,9
15,2.0425,1.5038,4,2,1
15,23.795,1.103,1,0,11
15,5.0265,1.7044,3,2,2
15,10.066,2.0051,1,0,12
15,3.0118,2.1054,2,0,11
15,19.541,2.1056,2,0,10
15,20.526,1.8047,3,2,10
15,0.42416,1.8046,1,2,7
15,10.279,2.1053,4,0,12
15,2.0757,1.4036,1,2,12
15,2.9207,2.206,2,2,7
15,0.39637,3.3084,4,2,3
15,10.234,1.3035,2,2,1
15,4.1817,2.5064,3,0,3
15,0.40834,2.0052,1,0,2
15,2.1354,2.2055,3,0,3
15,4.7725,1.4037,1,0,6
15,10.896,2.8072,4,0,7
15,51.614,2.6067,4,2,6
15,22.613,2.3059,4,2,11
15,0.78354,2.3058,4,2,11
15,3.8236,2.6067,4,0,2
15,33.658,2.0051,4,0,10
15,15.148,1.7043,2,2,11
15,8.508,2.1055,1,2,1
15,2.7818,3.1078,3,2,11
15,0.79416,2.3062,4,2,3
15,1.4997,3.5087,4,0,3
15,1.1445,2.1054,4,2,12
15,19.846,2.9072,3,2,10
15,4.0431,1.8047,3,0,6
15,0.69598,2.9073,3,2,12
15,1.4086,1.8046,3,0,2
15,6.6352,2.0052,3,2,8
15,2.6293,1.8047,2,0,3
15,6.9287,1.9049,1,2,9
15,14.157,2.0051,2,2,12
15,1.3657,3.0076,2,0,3
15,1.3801,1.7044,1,2,6
15,46.928,1.8046,3,2,4
15,0.57212,1.7044,1,0,1
15,128.07,1.7044,4,0,11
15,2.3103,2.1053,2,0,12
15,9.7592,1.7043,4,2,4
15,0.010107,1.4038,1,2,3
15,1.5644,1.7044,1,2,2
15,2.8955,1.7044,4,0,3
15,1.2035,2.0051,2,2,10
15,14.872,2.1054,2,2,11
15,1.3188,2.406,3,2,11
15,3.6217,2.1054,3,0,7
15,109.93,2.3058,1,0,2
15,4.3316,1.6044,3,2,7
15,3.7783,1.1029,1,0,9
15,3.1406,2.0051,4,2,9
15,24.302,2.0051,2,2,4
15,2.9841,1.5039,4,0,9
15,9.2932,2.0052,2,2,8
15,7.5356,1.3034,2,2,10
15,55.026,2.0052,2,0,4
15,8.929,3.8096,3,2,6
15,9.4967,1.7044,4,2,5
15,5.4194,1.6041,3,2,1
15,6.6875,1.4038,1,2,5
15,21.494,1.3034,1,0,8
15,6.9374,1.3034,2,0,9
15,16.452,1.4037,3,0,5
15,15.839,3.2082,4,2,10
15,2.6792,1.7043,2,2,2
15,35.483,1.5041,1,0,5
15,8.2397,1.7044,1,2,2
15,5.5616,2.0051,2,0,6
15,5.4641,1.7044,4,0,1
15,0.054006,1.5039,1,0,7
15,26.322,2.306,3,2,5
15,0.42053,1.905,4,0,10
15,7.6598,1.8046,1,0,10
15,8.4706,2.4061,4,2,2
15,6.8277,1.5039,1,2,10
15,2.4276,1.7044,3,2,3
15,8.2088,1.9049,3,0,10
15,9.3501,1.6042,1,2,11
15,8.1855,2.1053,2,0,1
15,7.7423,2.2057,2,0,8
15,2.9109,1.9051,4,0,8
15,14.136,1.504,1,2,11
15,0.85834,2.2057,1,2,10
15,4.8187,2.1055,1,0,11
15,6.3806,1.6042,1,2,3
15,5.2699,1.9048,2,0,5
15,5.6526,2.3059,3,2,2
16,14.774,2.1097,4,0,4
16,23.056,2.4061,2,0,10
16,9.1871,2.0051,4,0,2
16,5.6854,2.1053,2,0,7
16,37.29,2.3057,3,0,8
16,4.0587,2.6066,2,2,2
16,44.11,1.7043,1,0,4
16,5.5336,2.1053,2,0,2
16,14.168,2.1053,2,2,9
16,14.152,2.005,4,0,11
16,12.073,3.208,3,0,11
16,55.315,3.9096,4,2,10
16,6.4052,1.8045,4,2,7
16,30.322,3.5088,4,0,6
16,6.5428,1.8046,2,2,6
16,9.3493,1.4036,1,0,3
16,13.2,2.005,4,0,5
16,7.1996,3.5087,4,2,8
16,19.757,2.3057,2,2,5
16,7.0493,1.9048,2,2,3
16,14.249,2.406,3,0,10
16,3.4139,1.604,3,0,2
16,64.449,2.406,3,0,12
16,1.1035,2.3058,2,0,2
16,4.797,2.3057,3,2,3
16,7.2161,1.6044,3,0,1
16,7.0895,1.5041,2,0,11
16,1.6012,2.2056,1,0,3
16,6.1919,1.8046,3,0,11
16,27.955,2.005,3,0,9
16,0.12613,1.8045,2,2,3
16,0.25573,1.3034,1,0,10
16,40.729,1.7044,1,2,4
16,8.3474,1.604,1,2,8
16,4.0012,1.7043,4,2,2
16,18.995,1.9048,3,2,9
16,26.963,1.6041,3,0,4
16,1.5115,2.2055,4,2,1
16,6.9333,1.9048,1,0,11
16,7.4363,2.9072,3,2,2
16,14.469,1.6042,1,0,12
16,2.674,1.7043,2,0,11
16,17.399,1.8045,2,0,10
16,23.08,1.5047,3,2,10
16,8.2498,1.5039,1,2,7
16,2.2531,1.8046,4,0,12
16,12.345,1.5039,1,2,12
16,7.2254,2.1053,2,2,7
16,56.187,2.406,4,2,3
16,3.7172,2.005,2,2,1
16,3.8306,2.4061,3,0,3
16,7.9895,2.0051,1,0,2
16,0.49104,1.9049,3,0,3
16,0.011132,1.9048,1,0,6
16,2.9638,1.1029,4,0,7
16,10.25,1.8045,4,2,6
16,4.586,2.406,4,2,11
16,21.462,1.9048,4,2,11
16,4.2077,2.1053,4,0,2
16,51.36,1.8046,4,0,10
16,9.3528,1.5039,2,2,11
16,1.5689,1.6041,1,2,1
16,5.8416,1.6041,3,2,11
16,2.1865,2.005,4,2,3
16,1.6406,3.4084,4,0,3
16,3.5553,2.005,4,2,12
16,9.1818,1.9049,3,2,10
16,15.473,2.6064,3,0,6
16,26.655,2.4061,3,2,12
16,7.3794,2.0051,3,0,2
16,5.3885,2.406,3,2,8
16,6.5618,1.905,2,0,3
16,8.0445,1.5039,1,2,9
16,31.036,2.005,2,2,12
16,0.71183,2.1053,2,0,3
16,8.7886,1.6041,1,2,6
16,27.767,1.7043,3,2,4
16,3.0747,1.6042,1,0,1
16,3.5836,1.8045,4,0,11
16,16.047,1.6041,2,0,12
16,21.877,2.5064,4,2,4
16,1.5296,1.7043,1,2,3
16,4.7388,1.5039,1,2,2
16,1.132,3.3082,4,0,3
16,11.062,2.2055,2,2,10
16,11.546,1.7044,2,2,11
16,4.555,2.005,3,2,11
16,11.058,1.9051,3,0,7
16,3.7677,2.2057,1,0,2
16,7.335,2.2055,3,2,7
16,1.438,1.3033,1,0,9
16,131.85,3.7091,4,2,9
16,60.222,2.406,2,2,4
16,124.97,3.0074,4,0,9
16,38.849,2.7068,2,2,8
16,22.654,3.2079,2,2,10
16,67.297,2.807,2,0,4
16,0.27997,2.3059,3,2,6
16,162.91,1.7043,4,2,5
16,7.2461,1.8045,3,2,1
16,17.396,2.1054,1,2,5
16,18.163,1.4036,1,0,8
16,9.3709,1.9048,2,0,9
16,17.613,2.0052,3,0,5
16,40.461,2.9072,4,2,10
16,3.9135,1.9048,2,2,2
16,30.163,2.9073,1,0,5
16,13.891,1.6041,1,2,2
16,2.7807,2.6065,2,0,6
16,10.412,1.1028,4,0,1
16,9.2866,1.3033,1,0,7
16,18.168,1.9048,3,2,5
16,100.06,2.0051,4,0,10
16,11.363,1.8045,1,0,10
16,11.196,2.1053,4,2,2
16,11.2,2.3058,1,2,10
16,2.7033,2.0051,3,2,3
16,18.389,2.807,3,0,10
16,3.333,1.7043,1,2,11
16,9.7047,1.8045,2,0,1
16,7.8454,1.8047,2,0,8
16,2.6533,2.2056,4,0,8
16,1.5036,1.7043,1,2,11
16,0.16689,1.9049,1,2,10
16,4.2823,1.6041,1,0,11
16,6.908,2.5062,1,2,3
16,9.9265,2.2056,2,0,5
16,7.1294,2.2055,3,2,2
